created mesh LOD3spShape-lib
add scene_node id=LOD3sp sid=(null)
add scene_node id=camera1 sid=(null)
add scene_node id=directionalLight1 sid=(null)
add mesh instance LOD3spShape-lib+blinn3SG
    0 i=    0 m=[    1.000,    -4.000,     0.000] w=[    1.000,    -4.000,     0.000] p=[    0.004,    -0.017,    -1.000]
    1 i=    1 m=[    8.000,    -4.000,     0.000] w=[    8.000,    -4.000,     0.000] p=[    0.032,    -0.017,    -1.000]
    2 i=    2 m=[    1.000,   -13.000,     0.000] w=[    1.000,   -13.000,     0.000] p=[    0.004,    -0.055,    -1.000]
    3 i=    2 m=[    1.000,   -13.000,     0.000] w=[    1.000,   -13.000,     0.000] p=[    0.004,    -0.055,    -1.000]
    4 i=    1 m=[    8.000,    -4.000,     0.000] w=[    8.000,    -4.000,     0.000] p=[    0.032,    -0.017,    -1.000]
    5 i=    3 m=[    8.000,   -13.000,     0.000] w=[    8.000,   -13.000,     0.000] p=[    0.032,    -0.055,    -1.000]
    6 i=    4 m=[    9.000,    -7.000,     0.000] w=[    9.000,    -7.000,     0.000] p=[    0.036,    -0.030,    -1.000]
    7 i=    5 m=[   15.000,    -7.000,     0.000] w=[   15.000,    -7.000,     0.000] p=[    0.060,    -0.030,    -1.000]
    8 i=    6 m=[    9.000,   -13.000,     0.000] w=[    9.000,   -13.000,     0.000] p=[    0.036,    -0.055,    -1.000]
    9 i=    6 m=[    9.000,   -13.000,     0.000] w=[    9.000,   -13.000,     0.000] p=[    0.036,    -0.055,    -1.000]
   10 i=    5 m=[   15.000,    -7.000,     0.000] w=[   15.000,    -7.000,     0.000] p=[    0.060,    -0.030,    -1.000]
   11 i=    7 m=[   15.000,   -13.000,     0.000] w=[   15.000,   -13.000,     0.000] p=[    0.060,    -0.055,    -1.000]
   12 i=    8 m=[   17.000,    -4.000,     0.000] w=[   17.000,    -4.000,     0.000] p=[    0.069,    -0.017,    -1.000]
   13 i=    9 m=[   24.000,    -4.000,     0.000] w=[   24.000,    -4.000,     0.000] p=[    0.097,    -0.017,    -1.000]
   14 i=   10 m=[   17.000,   -13.000,     0.000] w=[   17.000,   -13.000,     0.000] p=[    0.069,    -0.055,    -1.000]
   15 i=   10 m=[   17.000,   -13.000,     0.000] w=[   17.000,   -13.000,     0.000] p=[    0.069,    -0.055,    -1.000]
   16 i=    9 m=[   24.000,    -4.000,     0.000] w=[   24.000,    -4.000,     0.000] p=[    0.097,    -0.017,    -1.000]
   17 i=   11 m=[   24.000,   -13.000,     0.000] w=[   24.000,   -13.000,     0.000] p=[    0.097,    -0.055,    -1.000]
   18 i=   12 m=[   25.000,    -4.000,     0.000] w=[   25.000,    -4.000,     0.000] p=[    0.101,    -0.017,    -1.000]
   19 i=   13 m=[   32.000,    -4.000,     0.000] w=[   32.000,    -4.000,     0.000] p=[    0.129,    -0.017,    -1.000]
   20 i=   14 m=[   25.000,   -13.000,     0.000] w=[   25.000,   -13.000,     0.000] p=[    0.101,    -0.055,    -1.000]
   21 i=   14 m=[   25.000,   -13.000,     0.000] w=[   25.000,   -13.000,     0.000] p=[    0.101,    -0.055,    -1.000]
   22 i=   13 m=[   32.000,    -4.000,     0.000] w=[   32.000,    -4.000,     0.000] p=[    0.129,    -0.017,    -1.000]
   23 i=   15 m=[   32.000,   -13.000,     0.000] w=[   32.000,   -13.000,     0.000] p=[    0.129,    -0.055,    -1.000]
   24 i=   16 m=[   33.000,    -7.000,     0.000] w=[   33.000,    -7.000,     0.000] p=[    0.133,    -0.030,    -1.000]
   25 i=   17 m=[   39.000,    -7.000,     0.000] w=[   39.000,    -7.000,     0.000] p=[    0.157,    -0.030,    -1.000]
   26 i=   18 m=[   33.000,   -13.000,     0.000] w=[   33.000,   -13.000,     0.000] p=[    0.133,    -0.055,    -1.000]
   27 i=   18 m=[   33.000,   -13.000,     0.000] w=[   33.000,   -13.000,     0.000] p=[    0.133,    -0.055,    -1.000]
   28 i=   17 m=[   39.000,    -7.000,     0.000] w=[   39.000,    -7.000,     0.000] p=[    0.157,    -0.030,    -1.000]
   29 i=   19 m=[   39.000,   -13.000,     0.000] w=[   39.000,   -13.000,     0.000] p=[    0.157,    -0.055,    -1.000]
created mesh geomU3D_id
skin: add_joint 124
skin: add_joint 125
skin: add_joint 126
skin: add_joint 127
skin: add_joint 128
skin: add_joint 129
skin: add_joint 130
skin: add_joint 131
skin: add_joint 132
skin: add_joint 133
skin: add_joint 134
skin: add_joint 135
skin: add_joint 136
skin: add_joint 137
skin: add_joint 138
skin: add_joint 139
skin: add_joint 140
skin: add_joint 141
skin: add_joint 142
skin: add_joint 143
skin: add_joint 144
skin: add_joint 145
skin: add_joint 146
skin: add_joint 147
skin: add_joint 148
skin: add_joint 149
skin: add_joint 150
skin: add_joint 151
skin: add_joint 152
skin: add_joint 153
skin: add_joint 154
skin: add_joint 155
skin: add_joint 156
skin: add_joint 157
skin: add_joint 158
created mesh skinU3D_id
add scene_node id=BIP_id sid=BIP_id
add scene_node id=meshU3D_id sid=(null)
add scene_node id=Pelvis_id sid=Pelvis_id
add scene_node id=Spine_id sid=Spine_id
add scene_node id=Spine1_id sid=Spine1_id
add scene_node id=L_Thigh_id sid=L_Thigh_id
add scene_node id=R_Thigh_id sid=R_Thigh_id
add scene_node id=Tail_id sid=Tail_id
add scene_node id=Tail1_id sid=Tail1_id
add scene_node id=Tail2_id sid=Tail2_id
add scene_node id=R_Calf_id sid=R_Calf_id
add scene_node id=R_HorseLink_id sid=R_HorseLink_id
add scene_node id=R_Foot_id sid=R_Foot_id
add scene_node id=R_Toe0_id sid=R_Toe0_id
add scene_node id=L_Calf_id sid=L_Calf_id
add scene_node id=L_HorseLink_id sid=L_HorseLink_id
add scene_node id=L_Foot_id sid=L_Foot_id
add scene_node id=L_Toe0_id sid=L_Toe0_id
add scene_node id=Spine2_id sid=Spine2_id
add scene_node id=HORSEMAN_BONE_id sid=HORSEMAN_BONE_id
add scene_node id=Neck_id sid=Neck_id
add scene_node id=Neck1_id sid=Neck1_id
add scene_node id=L_Clavicle_id sid=L_Clavicle_id
add scene_node id=R_Clavicle_id sid=R_Clavicle_id
add scene_node id=R_UpperArm_id sid=R_UpperArm_id
add scene_node id=R_Forearm_id sid=R_Forearm_id
add scene_node id=R_Hand_id sid=R_Hand_id
add scene_node id=R_Finger0_id sid=R_Finger0_id
add scene_node id=L_UpperArm_id sid=L_UpperArm_id
add scene_node id=L_Forearm_id sid=L_Forearm_id
add scene_node id=L_Hand_id sid=L_Hand_id
add scene_node id=L_Finger0_id sid=L_Finger0_id
add scene_node id=Neck2_id sid=Neck2_id
add scene_node id=Neck3_id sid=Neck3_id
add scene_node id=Head_id sid=Head_id
add scene_node id=Jaw_id sid=Jaw_id
skeleton: add_bone 124 [[[-0.000002, -1.000000, 0.000000, 0.000000], [1.000000, -0.000002, 0.000000, 0.000000], [0.000000, 0.000000, 1.000000, 0.000000], [0.000001, 129.001007, -48.276100, 1.000000]]]
skeleton: add_bone 125 [[[-0.000000, 0.000000, 1.000000, 0.000000], [1.000000, -0.000000, 0.000000, 0.000000], [0.000000, 1.000000, 0.000000, 0.000000], [0.000000, 0.000000, 0.000000, 1.000000]]]
skeleton: add_bone 126 [[[1.000000, 0.000796, 0.000002, 0.000000], [-0.000796, 1.000000, -0.000004, 0.000000], [-0.000002, 0.000004, 1.000000, 0.000000], [12.207600, -0.026703, 0.000017, 1.000000]]]
skeleton: add_bone 156 [[[-0.795452, 0.606016, 0.000849, 0.000000], [-0.606016, -0.795452, 0.000191, 0.000000], [0.000791, -0.000363, 0.999999, 0.000000], [-41.283600, -17.222900, -0.000035, 1.000000]]]
skeleton: add_bone 157 [[[0.793762, -0.608219, -0.003106, 0.000000], [0.608214, 0.793777, 0.000989, 0.000000], [0.001864, -0.002674, 0.999994, 0.000000], [17.914774, -0.022888, -0.000028, 1.000000]]]
skeleton: add_bone 158 [[[0.961502, -0.274776, -0.002253, 0.000000], [0.274779, 0.961506, 0.001767, 0.000000], [0.001681, -0.002318, 0.999996, 0.000000], [36.164055, -0.037590, -0.000069, 1.000000]]]
skeleton: add_bone 151 [[[0.327538, 0.944855, 0.000019, 0.000000], [0.944822, -0.327549, 0.000053, 0.000000], [0.000056, 0.000001, -1.000000, 0.000000], [-12.207417, 0.036439, -15.956400, 1.000000]]]
skeleton: add_bone 152 [[[0.583371, -0.812233, 0.000000, 0.000000], [0.812119, 0.583453, 0.000000, 0.000000], [0.000000, 0.000000, 1.000000, 0.000000], [44.611378, -0.000006, 0.000000, 1.000000]]]
skeleton: add_bone 153 [[[0.760005, 0.649892, 0.000000, 0.000000], [-0.649750, 0.760171, 0.000000, 0.000000], [0.000000, 0.000000, 1.000000, 0.000000], [37.463814, 0.000000, 0.000002, 1.000000]]]
skeleton: add_bone 154 [[[0.979271, 0.202499, 0.000058, 0.000000], [-0.202492, 0.979303, 0.000137, 0.000000], [-0.000029, -0.000146, 1.000000, 0.000000], [33.755760, 0.000008, 0.000000, 1.000000]]]
skeleton: add_bone 155 [[[0.927180, -0.374514, -0.000002, 0.000000], [0.374475, 0.927275, -0.000000, 0.000000], [0.000002, -0.000000, 1.000000, 0.000000], [12.814321, -4.849432, 0.000000, 1.000000]]]
skeleton: add_bone 146 [[[-0.075203, 0.997178, 0.000002, 0.000000], [0.997160, 0.075204, 0.000053, 0.000000], [0.000052, 0.000006, -1.000000, 0.000000], [-12.207502, 0.036377, 15.956400, 1.000000]]]
skeleton: add_bone 147 [[[0.805716, -0.592292, 0.000000, 0.000000], [0.592269, 0.805748, 0.000000, 0.000000], [0.000000, 0.000000, 1.000000, 0.000000], [44.613605, -0.000008, 0.000001, 1.000000]]]
skeleton: add_bone 148 [[[0.648202, 0.761492, 0.000000, 0.000000], [-0.761344, 0.648328, 0.000000, 0.000000], [0.000000, 0.000000, 1.000000, 0.000000], [37.464340, 0.000023, 0.000003, 1.000000]]]
skeleton: add_bone 149 [[[0.979270, 0.202495, 0.000067, 0.000000], [-0.202491, 0.979293, 0.000104, 0.000000], [-0.000045, -0.000115, 1.000000, 0.000000], [33.755726, -0.000008, -0.000002, 1.000000]]]
skeleton: add_bone 150 [[[0.927182, -0.374523, -0.000002, 0.000000], [0.374487, 0.927271, -0.000000, 0.000000], [0.000002, -0.000000, 1.000000, 0.000000], [12.814410, -4.849442, 0.000004, 1.000000]]]
skeleton: add_bone 127 [[[0.999614, 0.027759, 0.000000, 0.000000], [-0.027759, 0.999614, 0.000000, 0.000000], [0.000000, 0.000000, 1.000000, 0.000000], [33.543667, -0.028244, 0.000000, 1.000000]]]
skeleton: add_bone 145 [[[-0.000002, -1.000000, -0.000003, 0.000000], [1.000000, -0.000002, -0.000003, 0.000000], [0.000003, -0.000003, 1.000000, 0.000000], [14.643600, -43.469002, -0.000063, 1.000000]]]
skeleton: add_bone 128 [[[0.999957, -0.009254, 0.000000, 0.000000], [0.009254, 0.999957, 0.000000, 0.000000], [0.000000, 0.000000, 1.000000, 0.000000], [35.508900, -0.029419, 0.000000, 1.000000]]]
skeleton: add_bone 129 [[[0.684498, -0.729013, 0.000001, 0.000000], [0.729013, 0.684498, -0.000006, 0.000000], [0.000004, 0.000005, 1.000000, 0.000000], [36.337063, 3.063087, 0.000004, 1.000000]]]
skeleton: add_bone 140 [[[-0.957464, -0.166388, -0.235738, 0.000000], [0.272887, -0.256645, -0.927145, 0.000000], [0.093765, -0.952118, 0.291110, 0.000000], [-4.987800, 21.145847, -11.834903, 1.000000]]]
skeleton: add_bone 141 [[[0.631440, -0.358956, -0.687146, 0.000000], [-0.735972, 0.001579, -0.676737, 0.000000], [0.243980, 0.933771, -0.263005, 0.000000], [30.054567, -0.000008, -0.000006, 1.000000]]]
skeleton: add_bone 142 [[[0.998151, -0.060717, 0.000000, 0.000000], [0.060717, 0.998155, 0.000000, 0.000000], [0.000000, 0.000000, 1.000000, 0.000000], [34.162964, -0.000004, -0.000002, 1.000000]]]
skeleton: add_bone 143 [[[0.776093, 0.631804, 0.000373, 0.000000], [-0.000958, 0.000588, 0.998082, 0.000000], [0.630481, -0.777720, 0.001057, 0.000000], [34.181858, -0.000008, 0.000008, 1.000000]]]
skeleton: add_bone 144 [[[0.898845, -0.000349, 0.439025, 0.000000], [-0.000002, 1.000000, 0.000799, 0.000000], [-0.439498, -0.000719, 0.897879, 0.000000], [11.138912, -0.076567, -3.074594, 1.000000]]]
skeleton: add_bone 135 [[[-0.961060, -0.116327, 0.250676, 0.000000], [0.272889, -0.256615, 0.927250, 0.000000], [-0.043537, 0.959418, 0.278405, 0.000000], [-4.987840, 21.143482, 11.836328, 1.000000]]]
skeleton: add_bone 136 [[[0.521036, -0.355350, 0.776326, 0.000000], [-0.813020, 0.070101, 0.578279, 0.000000], [-0.259922, -0.931600, -0.252608, 0.000000], [30.056704, 0.000008, 0.000002, 1.000000]]]
skeleton: add_bone 137 [[[0.990913, -0.134574, 0.000000, 0.000000], [0.134577, 0.990889, 0.000000, 0.000000], [0.000000, 0.000000, 1.000000, 0.000000], [34.163445, 0.000015, -0.000008, 1.000000]]]
skeleton: add_bone 138 [[[0.821591, 0.568803, -0.000193, 0.000000], [-0.000678, 0.000639, -1.002300, 0.000000], [-0.570183, 0.819602, 0.000915, 0.000000], [34.186848, -0.000015, -0.000004, 1.000000]]]
skeleton: add_bone 139 [[[0.847921, -0.000424, -0.529314, 0.000000], [0.000004, 1.000000, -0.000796, 0.000000], [0.528279, 0.000672, 0.849581, 0.000000], [11.122034, -0.076567, 3.079245, 1.000000]]]
skeleton: add_bone 130 [[[0.866025, -0.499999, -0.000002, 0.000000], [0.500000, 0.866024, -0.000001, 0.000000], [0.000002, -0.000001, 1.000000, 0.000000], [17.001900, -0.019398, 0.000000, 1.000000]]]
skeleton: add_bone 131 [[[0.990268, 0.139174, 0.000000, 0.000000], [-0.139174, 0.990268, 0.000000, 0.000000], [0.000000, 0.000000, 1.000000, 0.000000], [28.145300, -0.018162, 0.000000, 1.000000]]]
skeleton: add_bone 132 [[[0.882948, 0.469471, 0.000002, 0.000000], [-0.469472, 0.882947, -0.000000, 0.000000], [-0.000002, -0.000000, 1.000000, 0.000000], [23.037901, -0.013815, 0.000000, 1.000000]]]
skeleton: add_bone 133 [[[0.927980, -0.372628, -0.000014, 0.000000], [0.372627, 0.927979, 0.001790, 0.000000], [-0.000654, -0.001666, 0.999998, 0.000000], [19.416481, 6.879560, 0.000008, 1.000000]]]
skeleton: add_bone 134 [[[-0.170642, 0.985362, 0.000003, 0.000000], [-0.985306, -0.170651, -0.000003, 0.000000], [-0.000003, -0.000003, 1.000000, 0.000000], [-5.760604, 32.015762, 0.000118, 1.000000]]]
add mesh instance #skinU3D_id+VisualMaterial0
animation BIP_translate_id
  channel target BIP_id translation 
animation BIP_rotateZ_id
  channel target BIP_id rotateZ ANGLE
animation BIP_rotateY_id
  channel target BIP_id rotateY ANGLE
animation BIP_rotateX_id
  channel target BIP_id rotateX ANGLE
animation BIP_scale_id
  channel target BIP_id scale 
animation Pelvis_translate_id
  channel target Pelvis_id translation 
animation Pelvis_rotateZ_id
  channel target Pelvis_id rotateZ ANGLE
animation Pelvis_rotateY_id
  channel target Pelvis_id rotateY ANGLE
animation Pelvis_rotateX_id
  channel target Pelvis_id rotateX ANGLE
animation Pelvis_scale_id
  channel target Pelvis_id scale 
animation Spine_translate_id
  channel target Spine_id translation 
animation Spine_rotateZ_id
  channel target Spine_id rotateZ ANGLE
animation Spine_rotateY_id
  channel target Spine_id rotateY ANGLE
animation Spine_rotateX_id
  channel target Spine_id rotateX ANGLE
animation Spine_scale_id
  channel target Spine_id scale 
animation Spine1_translate_id
  channel target Spine1_id translation 
animation Spine1_rotateZ_id
  channel target Spine1_id rotateZ ANGLE
animation Spine1_rotateY_id
  channel target Spine1_id rotateY ANGLE
animation Spine1_rotateX_id
  channel target Spine1_id rotateX ANGLE
animation Spine1_scale_id
  channel target Spine1_id scale 
animation Spine2_translate_id
  channel target Spine2_id translation 
animation Spine2_rotateZ_id
  channel target Spine2_id rotateZ ANGLE
animation Spine2_rotateY_id
  channel target Spine2_id rotateY ANGLE
animation Spine2_rotateX_id
  channel target Spine2_id rotateX ANGLE
animation Spine2_scale_id
  channel target Spine2_id scale 
animation Neck_translate_id
  channel target Neck_id translation 
animation Neck_rotateZ_id
  channel target Neck_id rotateZ ANGLE
animation Neck_rotateY_id
  channel target Neck_id rotateY ANGLE
animation Neck_rotateX_id
  channel target Neck_id rotateX ANGLE
animation Neck_scale_id
  channel target Neck_id scale 
animation Neck1_translate_id
  channel target Neck1_id translation 
animation Neck1_rotateZ_id
  channel target Neck1_id rotateZ ANGLE
animation Neck1_rotateY_id
  channel target Neck1_id rotateY ANGLE
animation Neck1_rotateX_id
  channel target Neck1_id rotateX ANGLE
animation Neck1_scale_id
  channel target Neck1_id scale 
animation Neck2_translate_id
  channel target Neck2_id translation 
animation Neck2_rotateZ_id
  channel target Neck2_id rotateZ ANGLE
animation Neck2_rotateY_id
  channel target Neck2_id rotateY ANGLE
animation Neck2_rotateX_id
  channel target Neck2_id rotateX ANGLE
animation Neck2_scale_id
  channel target Neck2_id scale 
animation Neck3_translate_id
  channel target Neck3_id translation 
animation Neck3_rotateZ_id
  channel target Neck3_id rotateZ ANGLE
animation Neck3_rotateY_id
  channel target Neck3_id rotateY ANGLE
animation Neck3_rotateX_id
  channel target Neck3_id rotateX ANGLE
animation Neck3_scale_id
  channel target Neck3_id scale 
animation Head_translate_id
  channel target Head_id translation 
animation Head_rotateZ_id
  channel target Head_id rotateZ ANGLE
animation Head_rotateY_id
  channel target Head_id rotateY ANGLE
animation Head_rotateX_id
  channel target Head_id rotateX ANGLE
animation Head_scale_id
  channel target Head_id scale 
animation Jaw_translate_id
  channel target Jaw_id translation 
animation Jaw_rotateZ_id
  channel target Jaw_id rotateZ ANGLE
animation Jaw_rotateY_id
  channel target Jaw_id rotateY ANGLE
animation Jaw_rotateX_id
  channel target Jaw_id rotateX ANGLE
animation Jaw_scale_id
  channel target Jaw_id scale 
animation L_Clavicle_translate_id
  channel target L_Clavicle_id translation 
animation L_Clavicle_rotateZ_id
  channel target L_Clavicle_id rotateZ ANGLE
animation L_Clavicle_rotateY_id
  channel target L_Clavicle_id rotateY ANGLE
animation L_Clavicle_rotateX_id
  channel target L_Clavicle_id rotateX ANGLE
animation L_Clavicle_scale_id
  channel target L_Clavicle_id scale 
animation L_UpperArm_translate_id
  channel target L_UpperArm_id translation 
animation L_UpperArm_rotateZ_id
  channel target L_UpperArm_id rotateZ ANGLE
animation L_UpperArm_rotateY_id
  channel target L_UpperArm_id rotateY ANGLE
animation L_UpperArm_rotateX_id
  channel target L_UpperArm_id rotateX ANGLE
animation L_UpperArm_scale_id
  channel target L_UpperArm_id scale 
animation L_Forearm_translate_id
  channel target L_Forearm_id translation 
animation L_Forearm_rotateZ_id
  channel target L_Forearm_id rotateZ ANGLE
animation L_Forearm_rotateY_id
  channel target L_Forearm_id rotateY ANGLE
animation L_Forearm_rotateX_id
  channel target L_Forearm_id rotateX ANGLE
animation L_Forearm_scale_id
  channel target L_Forearm_id scale 
animation L_Hand_translate_id
  channel target L_Hand_id translation 
animation L_Hand_rotateZ_id
  channel target L_Hand_id rotateZ ANGLE
animation L_Hand_rotateY_id
  channel target L_Hand_id rotateY ANGLE
animation L_Hand_rotateX_id
  channel target L_Hand_id rotateX ANGLE
animation L_Hand_scale_id
  channel target L_Hand_id scale 
animation L_Finger0_translate_id
  channel target L_Finger0_id translation 
animation L_Finger0_rotateZ_id
  channel target L_Finger0_id rotateZ ANGLE
animation L_Finger0_rotateY_id
  channel target L_Finger0_id rotateY ANGLE
animation L_Finger0_rotateX_id
  channel target L_Finger0_id rotateX ANGLE
animation L_Finger0_scale_id
  channel target L_Finger0_id scale 
animation R_Clavicle_translate_id
  channel target R_Clavicle_id translation 
animation R_Clavicle_rotateZ_id
  channel target R_Clavicle_id rotateZ ANGLE
animation R_Clavicle_rotateY_id
  channel target R_Clavicle_id rotateY ANGLE
animation R_Clavicle_rotateX_id
  channel target R_Clavicle_id rotateX ANGLE
animation R_Clavicle_scale_id
  channel target R_Clavicle_id scale 
animation R_UpperArm_translate_id
  channel target R_UpperArm_id translation 
animation R_UpperArm_rotateZ_id
  channel target R_UpperArm_id rotateZ ANGLE
animation R_UpperArm_rotateY_id
  channel target R_UpperArm_id rotateY ANGLE
animation R_UpperArm_rotateX_id
  channel target R_UpperArm_id rotateX ANGLE
animation R_UpperArm_scale_id
  channel target R_UpperArm_id scale 
animation R_Forearm_translate_id
  channel target R_Forearm_id translation 
animation R_Forearm_rotateZ_id
  channel target R_Forearm_id rotateZ ANGLE
animation R_Forearm_rotateY_id
  channel target R_Forearm_id rotateY ANGLE
animation R_Forearm_rotateX_id
  channel target R_Forearm_id rotateX ANGLE
animation R_Forearm_scale_id
  channel target R_Forearm_id scale 
animation R_Hand_translate_id
  channel target R_Hand_id translation 
animation R_Hand_rotateZ_id
  channel target R_Hand_id rotateZ ANGLE
animation R_Hand_rotateY_id
  channel target R_Hand_id rotateY ANGLE
animation R_Hand_rotateX_id
  channel target R_Hand_id rotateX ANGLE
animation R_Hand_scale_id
  channel target R_Hand_id scale 
animation R_Finger0_translate_id
  channel target R_Finger0_id translation 
animation R_Finger0_rotateZ_id
  channel target R_Finger0_id rotateZ ANGLE
animation R_Finger0_rotateY_id
  channel target R_Finger0_id rotateY ANGLE
animation R_Finger0_rotateX_id
  channel target R_Finger0_id rotateX ANGLE
animation R_Finger0_scale_id
  channel target R_Finger0_id scale 
animation HORSEMAN_BONE_translate_id
  channel target HORSEMAN_BONE_id translation 
animation HORSEMAN_BONE_rotateZ_id
  channel target HORSEMAN_BONE_id rotateZ ANGLE
animation HORSEMAN_BONE_rotateY_id
  channel target HORSEMAN_BONE_id rotateY ANGLE
animation HORSEMAN_BONE_rotateX_id
  channel target HORSEMAN_BONE_id rotateX ANGLE
animation HORSEMAN_BONE_scale_id
  channel target HORSEMAN_BONE_id scale 
animation L_Thigh_translate_id
  channel target L_Thigh_id translation 
animation L_Thigh_rotateZ_id
  channel target L_Thigh_id rotateZ ANGLE
animation L_Thigh_rotateY_id
  channel target L_Thigh_id rotateY ANGLE
animation L_Thigh_rotateX_id
  channel target L_Thigh_id rotateX ANGLE
animation L_Thigh_scale_id
  channel target L_Thigh_id scale 
animation L_Calf_translate_id
  channel target L_Calf_id translation 
animation L_Calf_rotateZ_id
  channel target L_Calf_id rotateZ ANGLE
animation L_Calf_rotateY_id
  channel target L_Calf_id rotateY ANGLE
animation L_Calf_rotateX_id
  channel target L_Calf_id rotateX ANGLE
animation L_Calf_scale_id
  channel target L_Calf_id scale 
animation L_HorseLink_translate_id
  channel target L_HorseLink_id translation 
animation L_HorseLink_rotateZ_id
  channel target L_HorseLink_id rotateZ ANGLE
animation L_HorseLink_rotateY_id
  channel target L_HorseLink_id rotateY ANGLE
animation L_HorseLink_rotateX_id
  channel target L_HorseLink_id rotateX ANGLE
animation L_HorseLink_scale_id
  channel target L_HorseLink_id scale 
animation L_Foot_translate_id
  channel target L_Foot_id translation 
animation L_Foot_rotateZ_id
  channel target L_Foot_id rotateZ ANGLE
animation L_Foot_rotateY_id
  channel target L_Foot_id rotateY ANGLE
animation L_Foot_rotateX_id
  channel target L_Foot_id rotateX ANGLE
animation L_Foot_scale_id
  channel target L_Foot_id scale 
animation L_Toe0_translate_id
  channel target L_Toe0_id translation 
animation L_Toe0_rotateZ_id
  channel target L_Toe0_id rotateZ ANGLE
animation L_Toe0_rotateY_id
  channel target L_Toe0_id rotateY ANGLE
animation L_Toe0_rotateX_id
  channel target L_Toe0_id rotateX ANGLE
animation L_Toe0_scale_id
  channel target L_Toe0_id scale 
animation R_Thigh_translate_id
  channel target R_Thigh_id translation 
animation R_Thigh_rotateZ_id
  channel target R_Thigh_id rotateZ ANGLE
animation R_Thigh_rotateY_id
  channel target R_Thigh_id rotateY ANGLE
animation R_Thigh_rotateX_id
  channel target R_Thigh_id rotateX ANGLE
animation R_Thigh_scale_id
  channel target R_Thigh_id scale 
animation R_Calf_translate_id
  channel target R_Calf_id translation 
animation R_Calf_rotateZ_id
  channel target R_Calf_id rotateZ ANGLE
animation R_Calf_rotateY_id
  channel target R_Calf_id rotateY ANGLE
animation R_Calf_rotateX_id
  channel target R_Calf_id rotateX ANGLE
animation R_Calf_scale_id
  channel target R_Calf_id scale 
animation R_HorseLink_translate_id
  channel target R_HorseLink_id translation 
animation R_HorseLink_rotateZ_id
  channel target R_HorseLink_id rotateZ ANGLE
animation R_HorseLink_rotateY_id
  channel target R_HorseLink_id rotateY ANGLE
animation R_HorseLink_rotateX_id
  channel target R_HorseLink_id rotateX ANGLE
animation R_HorseLink_scale_id
  channel target R_HorseLink_id scale 
animation R_Foot_translate_id
  channel target R_Foot_id translation 
animation R_Foot_rotateZ_id
  channel target R_Foot_id rotateZ ANGLE
animation R_Foot_rotateY_id
  channel target R_Foot_id rotateY ANGLE
animation R_Foot_rotateX_id
  channel target R_Foot_id rotateX ANGLE
animation R_Foot_scale_id
  channel target R_Foot_id scale 
animation R_Toe0_translate_id
  channel target R_Toe0_id translation 
animation R_Toe0_rotateZ_id
  channel target R_Toe0_id rotateZ ANGLE
animation R_Toe0_rotateY_id
  channel target R_Toe0_id rotateY ANGLE
animation R_Toe0_rotateX_id
  channel target R_Toe0_id rotateX ANGLE
animation R_Toe0_scale_id
  channel target R_Toe0_id scale 
animation Tail_translate_id
  channel target Tail_id translation 
animation Tail_rotateZ_id
  channel target Tail_id rotateZ ANGLE
animation Tail_rotateY_id
  channel target Tail_id rotateY ANGLE
animation Tail_rotateX_id
  channel target Tail_id rotateX ANGLE
animation Tail_scale_id
  channel target Tail_id scale 
animation Tail1_translate_id
  channel target Tail1_id translation 
animation Tail1_rotateZ_id
  channel target Tail1_id rotateZ ANGLE
animation Tail1_rotateY_id
  channel target Tail1_id rotateY ANGLE
animation Tail1_rotateX_id
  channel target Tail1_id rotateX ANGLE
animation Tail1_scale_id
  channel target Tail1_id scale 
animation Tail2_translate_id
  channel target Tail2_id translation 
animation Tail2_rotateZ_id
  channel target Tail2_id rotateZ ANGLE
animation Tail2_rotateY_id
  channel target Tail2_id rotateY ANGLE
animation Tail2_rotateX_id
  channel target Tail2_id rotateX ANGLE
animation Tail2_scale_id
  channel target Tail2_id scale 
created mesh geomU3D_id
skin: add_joint 124
skin: add_joint 125
skin: add_joint 126
skin: add_joint 127
skin: add_joint 128
skin: add_joint 129
skin: add_joint 130
skin: add_joint 131
skin: add_joint 132
skin: add_joint 133
skin: add_joint 134
skin: add_joint 135
skin: add_joint 136
skin: add_joint 137
skin: add_joint 138
skin: add_joint 139
skin: add_joint 140
skin: add_joint 141
skin: add_joint 142
skin: add_joint 143
skin: add_joint 144
skin: add_joint 145
skin: add_joint 146
skin: add_joint 147
skin: add_joint 148
skin: add_joint 149
skin: add_joint 150
skin: add_joint 151
skin: add_joint 152
skin: add_joint 153
skin: add_joint 154
skin: add_joint 155
skin: add_joint 156
skin: add_joint 157
skin: add_joint 158
created mesh skinU3D_id
add scene_node id=BIP_id sid=BIP_id
add scene_node id=NewHorseA0_id sid=(null)
add scene_node id=NewHorseA_id sid=(null)
add scene_node id=meshU3D_id sid=(null)
add scene_node id=Pelvis_id sid=Pelvis_id
add scene_node id=Spine_id sid=Spine_id
add scene_node id=Spine1_id sid=Spine1_id
add scene_node id=L_Thigh_id sid=L_Thigh_id
add scene_node id=R_Thigh_id sid=R_Thigh_id
add scene_node id=Tail_id sid=Tail_id
add scene_node id=Tail1_id sid=Tail1_id
add scene_node id=Tail2_id sid=Tail2_id
add scene_node id=R_Calf_id sid=R_Calf_id
add scene_node id=R_HorseLink_id sid=R_HorseLink_id
add scene_node id=R_Foot_id sid=R_Foot_id
add scene_node id=R_Toe0_id sid=R_Toe0_id
add scene_node id=L_Calf_id sid=L_Calf_id
add scene_node id=L_HorseLink_id sid=L_HorseLink_id
add scene_node id=L_Foot_id sid=L_Foot_id
add scene_node id=L_Toe0_id sid=L_Toe0_id
add scene_node id=Spine2_id sid=Spine2_id
add scene_node id=HORSEMAN_BONE_id sid=HORSEMAN_BONE_id
add scene_node id=Neck_id sid=Neck_id
add scene_node id=Neck1_id sid=Neck1_id
add scene_node id=L_Clavicle_id sid=L_Clavicle_id
add scene_node id=R_Clavicle_id sid=R_Clavicle_id
add scene_node id=R_UpperArm_id sid=R_UpperArm_id
add scene_node id=R_Forearm_id sid=R_Forearm_id
add scene_node id=R_Hand_id sid=R_Hand_id
add scene_node id=R_Finger0_id sid=R_Finger0_id
add scene_node id=L_UpperArm_id sid=L_UpperArm_id
add scene_node id=L_Forearm_id sid=L_Forearm_id
add scene_node id=L_Hand_id sid=L_Hand_id
add scene_node id=L_Finger0_id sid=L_Finger0_id
add scene_node id=Neck2_id sid=Neck2_id
add scene_node id=Neck3_id sid=Neck3_id
add scene_node id=Head_id sid=Head_id
add scene_node id=Jaw_id sid=Jaw_id
skeleton: add_bone 124 [[[-0.000000, -1.000000, 0.000000, 0.000000], [1.000000, -0.000000, 0.000000, 0.000000], [0.000000, 0.000000, 1.000000, 0.000000], [0.000001, 129.001007, -48.276100, 1.000000]]]
skeleton: add_bone 125 [[[-0.000000, 0.000000, 1.000000, 0.000000], [1.000000, -0.000000, 0.000000, 0.000000], [0.000000, 1.000000, 0.000000, 0.000000], [0.000000, 0.000000, 0.000000, 1.000000]]]
skeleton: add_bone 126 [[[1.000000, 0.000796, 0.000002, 0.000000], [-0.000796, 1.000000, -0.000004, 0.000000], [-0.000002, 0.000004, 1.000000, 0.000000], [12.207600, -0.026702, 0.000017, 1.000000]]]
skeleton: add_bone 156 [[[-0.795452, 0.606016, 0.000853, 0.000000], [-0.606016, -0.795452, 0.000191, 0.000000], [0.000795, -0.000365, 0.999999, 0.000000], [-41.283600, -17.222900, -0.000035, 1.000000]]]
skeleton: add_bone 157 [[[0.793763, -0.608217, -0.003106, 0.000000], [0.608212, 0.793779, 0.000989, 0.000000], [0.001864, -0.002674, 0.999994, 0.000000], [17.914757, -0.022888, -0.000028, 1.000000]]]
skeleton: add_bone 158 [[[0.961502, -0.274771, -0.002253, 0.000000], [0.274774, 0.961507, 0.001767, 0.000000], [0.001681, -0.002318, 0.999996, 0.000000], [36.164021, -0.037597, -0.000068, 1.000000]]]
skeleton: add_bone 151 [[[0.329041, 0.944333, 0.000017, 0.000000], [0.944300, -0.329053, 0.000053, 0.000000], [0.000055, -0.000002, -1.000000, 0.000000], [-12.207417, 0.036423, -15.956400, 1.000000]]]
skeleton: add_bone 152 [[[0.583372, -0.812240, -0.000000, 0.000000], [0.812093, 0.583477, -0.000000, 0.000000], [0.000000, 0.000000, 1.000000, 0.000000], [44.610439, -0.000008, 0.000000, 1.000000]]]
skeleton: add_bone 153 [[[0.760004, 0.649874, -0.000000, 0.000000], [-0.649640, 0.760279, 0.000000, 0.000000], [0.000000, 0.000000, 1.000000, 0.000000], [37.461117, -0.000007, 0.000000, 1.000000]]]
skeleton: add_bone 154 [[[0.979270, 0.202426, 0.000058, 0.000000], [-0.202414, 0.979328, 0.000137, 0.000000], [-0.000029, -0.000146, 1.000000, 0.000000], [33.755219, 0.000007, 0.000000, 1.000000]]]
skeleton: add_bone 155 [[[0.927180, -0.374402, -0.000002, 0.000000], [0.374319, 0.927385, -0.000000, 0.000000], [0.000002, -0.000000, 1.000000, 0.000000], [12.813578, -4.849724, -0.000001, 1.000000]]]
skeleton: add_bone 146 [[[-0.073615, 0.997297, -0.000000, 0.000000], [0.997279, 0.073617, 0.000053, 0.000000], [0.000052, 0.000004, -1.000000, 0.000000], [-12.207502, 0.036361, 15.956400, 1.000000]]]
skeleton: add_bone 147 [[[0.805716, -0.592291, 0.000000, 0.000000], [0.592258, 0.805761, -0.000000, 0.000000], [-0.000000, 0.000000, 1.000000, 0.000000], [44.613338, -0.000003, 0.000000, 1.000000]]]
skeleton: add_bone 148 [[[0.648201, 0.761497, -0.000000, 0.000000], [-0.761300, 0.648369, 0.000000, 0.000000], [0.000000, 0.000000, 1.000000, 0.000000], [37.463066, 0.000053, 0.000002, 1.000000]]]
skeleton: add_bone 149 [[[0.979270, 0.202448, 0.000067, 0.000000], [-0.202439, 0.979313, 0.000104, 0.000000], [-0.000045, -0.000115, 1.000000, 0.000000], [33.755386, -0.000007, -0.000003, 1.000000]]]
skeleton: add_bone 150 [[[0.927182, -0.374449, -0.000002, 0.000000], [0.374384, 0.927344, -0.000000, 0.000000], [0.000002, -0.000000, 1.000000, 0.000000], [12.813910, -4.849627, 0.000001, 1.000000]]]
skeleton: add_bone 127 [[[0.999614, 0.027759, 0.000000, 0.000000], [-0.027759, 0.999614, 0.000000, 0.000000], [0.000000, -0.000000, 1.000000, 0.000000], [33.543667, -0.028228, 0.000000, 1.000000]]]
skeleton: add_bone 145 [[[-0.000000, -1.000000, -0.000003, 0.000000], [1.000000, -0.000000, -0.000003, 0.000000], [0.000003, -0.000003, 1.000000, 0.000000], [14.643600, -43.469002, -0.000063, 1.000000]]]
skeleton: add_bone 128 [[[0.999957, -0.009254, 0.000000, 0.000000], [0.009254, 0.999957, 0.000000, 0.000000], [0.000000, 0.000000, 1.000000, 0.000000], [35.508900, -0.029434, 0.000000, 1.000000]]]
skeleton: add_bone 129 [[[0.684499, -0.729014, 0.000000, 0.000000], [0.729014, 0.684499, -0.000006, 0.000000], [0.000004, 0.000005, 1.000000, 0.000000], [36.337101, 3.063080, 0.000004, 1.000000]]]
skeleton: add_bone 140 [[[-0.957464, -0.166388, -0.235738, 0.000000], [0.272887, -0.256645, -0.927146, 0.000000], [0.093765, -0.952118, 0.291110, 0.000000], [-4.987800, 21.145847, -11.834914, 1.000000]]]
skeleton: add_bone 141 [[[0.631439, -0.358961, -0.687112, 0.000000], [-0.736001, 0.001558, -0.676663, 0.000000], [0.243947, 0.933844, -0.262990, 0.000000], [30.054958, -0.000011, -0.000011, 1.000000]]]
skeleton: add_bone 142 [[[0.998151, -0.060688, 0.000000, 0.000000], [0.060687, 0.998157, 0.000000, 0.000000], [0.000000, 0.000000, 1.000000, 0.000000], [34.162895, -0.000003, 0.000000, 1.000000]]]
skeleton: add_bone 143 [[[0.776093, 0.632132, 0.000372, 0.000000], [-0.000957, 0.000589, 0.997457, 0.000000], [0.630169, -0.778509, 0.001057, 0.000000], [34.175125, -0.000003, 0.000001, 1.000000]]]
skeleton: add_bone 144 [[[0.898847, -0.000348, 0.439608, 0.000000], [-0.000005, 1.000000, 0.000801, 0.000000], [-0.440450, -0.000722, 0.897130, 0.000000], [11.143588, -0.076568, -3.073305, 1.000000]]]
skeleton: add_bone 135 [[[-0.961060, -0.116327, 0.250676, 0.000000], [0.272889, -0.256617, 0.927249, 0.000000], [-0.043536, 0.959417, 0.278407, 0.000000], [-4.987820, 21.143482, 11.836328, 1.000000]]]
skeleton: add_bone 136 [[[0.521034, -0.355353, 0.776393, 0.000000], [-0.812965, 0.070124, 0.578383, 0.000000], [-0.259967, -0.931500, -0.252641, 0.000000], [30.055679, 0.000011, 0.000009, 1.000000]]]
skeleton: add_bone 137 [[[0.990913, -0.134646, 0.000000, 0.000000], [0.134652, 0.990869, 0.000000, 0.000000], [0.000000, 0.000000, 1.000000, 0.000000], [34.163784, 0.000000, -0.000001, 1.000000]]]
skeleton: add_bone 138 [[[0.821593, 0.568419, -0.000193, 0.000000], [-0.000679, 0.000638, -1.003180, 0.000000], [-0.570513, 0.818575, 0.000916, 0.000000], [34.193344, -0.000015, 0.000000, 1.000000]]]
skeleton: add_bone 139 [[[0.847920, -0.000425, -0.528680, 0.000000], [0.000009, 1.000000, -0.000793, 0.000000], [0.526840, 0.000668, 0.850882, 0.000000], [11.113563, -0.076570, 3.081614, 1.000000]]]
skeleton: add_bone 130 [[[0.866025, -0.500000, -0.000002, 0.000000], [0.500000, 0.866025, -0.000001, 0.000000], [0.000002, -0.000001, 1.000000, 0.000000], [17.002001, -0.019386, 0.000000, 1.000000]]]
skeleton: add_bone 131 [[[0.990268, 0.139174, 0.000000, 0.000000], [-0.139174, 0.990268, 0.000000, 0.000000], [0.000000, 0.000000, 1.000000, 0.000000], [28.145399, -0.018154, 0.000000, 1.000000]]]
skeleton: add_bone 132 [[[0.882948, 0.469472, 0.000002, 0.000000], [-0.469472, 0.882948, -0.000001, 0.000000], [-0.000002, -0.000000, 1.000000, 0.000000], [23.037901, -0.013834, 0.000000, 1.000000]]]
skeleton: add_bone 133 [[[0.927981, -0.372628, -0.000014, 0.000000], [0.372628, 0.927979, 0.001790, 0.000000], [-0.000654, -0.001666, 0.999998, 0.000000], [19.416500, 6.879580, 0.000008, 1.000000]]]
skeleton: add_bone 134 [[[-0.170643, 0.985362, 0.000002, 0.000000], [-0.985302, -0.170653, -0.000003, 0.000000], [-0.000003, -0.000003, 1.000000, 0.000000], [-5.760587, 32.015762, 0.000117, 1.000000]]]
add mesh instance #skinU3D_id+VisualMaterial0
animation BIP_translate_id
  channel target BIP_id translation 
animation BIP_rotateZ_id
  channel target BIP_id rotateZ ANGLE
animation BIP_rotateY_id
  channel target BIP_id rotateY ANGLE
animation BIP_rotateX_id
  channel target BIP_id rotateX ANGLE
animation BIP_scale_id
  channel target BIP_id scale 
animation Pelvis_translate_id
  channel target Pelvis_id translation 
animation Pelvis_rotateZ_id
  channel target Pelvis_id rotateZ ANGLE
animation Pelvis_rotateY_id
  channel target Pelvis_id rotateY ANGLE
animation Pelvis_rotateX_id
  channel target Pelvis_id rotateX ANGLE
animation Pelvis_scale_id
  channel target Pelvis_id scale 
animation Spine_translate_id
  channel target Spine_id translation 
animation Spine_rotateZ_id
  channel target Spine_id rotateZ ANGLE
animation Spine_rotateY_id
  channel target Spine_id rotateY ANGLE
animation Spine_rotateX_id
  channel target Spine_id rotateX ANGLE
animation Spine_scale_id
  channel target Spine_id scale 
animation Spine1_translate_id
  channel target Spine1_id translation 
animation Spine1_rotateZ_id
  channel target Spine1_id rotateZ ANGLE
animation Spine1_rotateY_id
  channel target Spine1_id rotateY ANGLE
animation Spine1_rotateX_id
  channel target Spine1_id rotateX ANGLE
animation Spine1_scale_id
  channel target Spine1_id scale 
animation Spine2_translate_id
  channel target Spine2_id translation 
animation Spine2_rotateZ_id
  channel target Spine2_id rotateZ ANGLE
animation Spine2_rotateY_id
  channel target Spine2_id rotateY ANGLE
animation Spine2_rotateX_id
  channel target Spine2_id rotateX ANGLE
animation Spine2_scale_id
  channel target Spine2_id scale 
animation Neck_translate_id
  channel target Neck_id translation 
animation Neck_rotateZ_id
  channel target Neck_id rotateZ ANGLE
animation Neck_rotateY_id
  channel target Neck_id rotateY ANGLE
animation Neck_rotateX_id
  channel target Neck_id rotateX ANGLE
animation Neck_scale_id
  channel target Neck_id scale 
animation Neck1_translate_id
  channel target Neck1_id translation 
animation Neck1_rotateZ_id
  channel target Neck1_id rotateZ ANGLE
animation Neck1_rotateY_id
  channel target Neck1_id rotateY ANGLE
animation Neck1_rotateX_id
  channel target Neck1_id rotateX ANGLE
animation Neck1_scale_id
  channel target Neck1_id scale 
animation Neck2_translate_id
  channel target Neck2_id translation 
animation Neck2_rotateZ_id
  channel target Neck2_id rotateZ ANGLE
animation Neck2_rotateY_id
  channel target Neck2_id rotateY ANGLE
animation Neck2_rotateX_id
  channel target Neck2_id rotateX ANGLE
animation Neck2_scale_id
  channel target Neck2_id scale 
animation Neck3_translate_id
  channel target Neck3_id translation 
animation Neck3_rotateZ_id
  channel target Neck3_id rotateZ ANGLE
animation Neck3_rotateY_id
  channel target Neck3_id rotateY ANGLE
animation Neck3_rotateX_id
  channel target Neck3_id rotateX ANGLE
animation Neck3_scale_id
  channel target Neck3_id scale 
animation Head_translate_id
  channel target Head_id translation 
animation Head_rotateZ_id
  channel target Head_id rotateZ ANGLE
animation Head_rotateY_id
  channel target Head_id rotateY ANGLE
animation Head_rotateX_id
  channel target Head_id rotateX ANGLE
animation Head_scale_id
  channel target Head_id scale 
animation Jaw_translate_id
  channel target Jaw_id translation 
animation Jaw_rotateZ_id
  channel target Jaw_id rotateZ ANGLE
animation Jaw_rotateY_id
  channel target Jaw_id rotateY ANGLE
animation Jaw_rotateX_id
  channel target Jaw_id rotateX ANGLE
animation Jaw_scale_id
  channel target Jaw_id scale 
animation L_Clavicle_translate_id
  channel target L_Clavicle_id translation 
animation L_Clavicle_rotateZ_id
  channel target L_Clavicle_id rotateZ ANGLE
animation L_Clavicle_rotateY_id
  channel target L_Clavicle_id rotateY ANGLE
animation L_Clavicle_rotateX_id
  channel target L_Clavicle_id rotateX ANGLE
animation L_Clavicle_scale_id
  channel target L_Clavicle_id scale 
animation L_UpperArm_translate_id
  channel target L_UpperArm_id translation 
animation L_UpperArm_rotateZ_id
  channel target L_UpperArm_id rotateZ ANGLE
animation L_UpperArm_rotateY_id
  channel target L_UpperArm_id rotateY ANGLE
animation L_UpperArm_rotateX_id
  channel target L_UpperArm_id rotateX ANGLE
animation L_UpperArm_scale_id
  channel target L_UpperArm_id scale 
animation L_Forearm_translate_id
  channel target L_Forearm_id translation 
animation L_Forearm_rotateZ_id
  channel target L_Forearm_id rotateZ ANGLE
animation L_Forearm_rotateY_id
  channel target L_Forearm_id rotateY ANGLE
animation L_Forearm_rotateX_id
  channel target L_Forearm_id rotateX ANGLE
animation L_Forearm_scale_id
  channel target L_Forearm_id scale 
animation L_Hand_translate_id
  channel target L_Hand_id translation 
animation L_Hand_rotateZ_id
  channel target L_Hand_id rotateZ ANGLE
animation L_Hand_rotateY_id
  channel target L_Hand_id rotateY ANGLE
animation L_Hand_rotateX_id
  channel target L_Hand_id rotateX ANGLE
animation L_Hand_scale_id
  channel target L_Hand_id scale 
animation L_Finger0_translate_id
  channel target L_Finger0_id translation 
animation L_Finger0_rotateZ_id
  channel target L_Finger0_id rotateZ ANGLE
animation L_Finger0_rotateY_id
  channel target L_Finger0_id rotateY ANGLE
animation L_Finger0_rotateX_id
